0.336747 0.332298 0.330955 
0.340569 0.330275 0.329157 
0.332982 0.333754 0.333263 
0.334829 0.332809 0.332361 
0.338375 0.331196 0.330429 
0.339028 0.330590 0.330382 
0.337474 0.331364 0.331162 
0.342715 0.329232 0.328053 
0.336827 0.332846 0.330327 
0.336332 0.331871 0.331798 
0.335364 0.332485 0.332151 
0.336822 0.331310 0.331868 
0.338077 0.331766 0.330157 
0.336199 0.332380 0.331421 
0.337443 0.331426 0.331131 
0.340490 0.330647 0.328863 
0.341026 0.330157 0.328818 
0.334984 0.332824 0.332191 
0.339058 0.330772 0.330170 
0.337128 0.331640 0.331232 
0.338186 0.330493 0.331321 
0.340174 0.330110 0.329716 
0.338694 0.331150 0.330156 
0.333818 0.333530 0.332652 
0.338735 0.330496 0.330768 
0.337749 0.332227 0.330024 
0.338905 0.330549 0.330546 
0.339471 0.330690 0.329839 
0.335240 0.332375 0.332385 
0.336973 0.332275 0.330752 
0.340517 0.330046 0.329436 
0.338564 0.331472 0.329965 
0.337259 0.331083 0.331659 
0.334846 0.333221 0.331933 
0.337831 0.331049 0.331119 
0.341105 0.330022 0.328873 
0.341777 0.329337 0.328886 
0.340538 0.330351 0.329111 
0.332499 0.333835 0.333666 
0.337499 0.331027 0.331473 
0.332960 0.333947 0.333092 
0.340772 0.329988 0.329241 
0.343199 0.329066 0.327736 
0.335977 0.332044 0.331979 
0.333720 0.333436 0.332845 
0.341292 0.329676 0.329032 
0.340409 0.329994 0.329598 
0.337165 0.332528 0.330307 
0.338443 0.330954 0.330603 
0.337349 0.331726 0.330925 
0.339548 0.330140 0.330312 
0.339171 0.330139 0.330690 
0.333443 0.333391 0.333166 
0.339977 0.330459 0.329564 
0.341109 0.330250 0.328641 
0.336010 0.331999 0.331991 
0.342923 0.329233 0.327844 
0.342248 0.329543 0.328209 
0.339395 0.331179 0.329426 
0.334130 0.333479 0.332391 
0.337006 0.331450 0.331543 
0.337384 0.332106 0.330510 
0.339379 0.330994 0.329627 
0.338542 0.331241 0.330217 
0.337087 0.332625 0.330289 
0.337614 0.330882 0.331504 
0.338673 0.330270 0.331057 
0.338403 0.330567 0.331030 
0.339879 0.331021 0.329099 
0.336290 0.331805 0.331905 
0.336158 0.332073 0.331769 
0.336874 0.331613 0.331513 
0.337080 0.331943 0.330977 
0.341050 0.329997 0.328953 
0.331943 0.334199 0.333858 
0.330902 0.334615 0.334483 
0.324317 0.337292 0.338391 
0.327324 0.336286 0.336390 
0.325320 0.336894 0.337786 
0.323640 0.338027 0.338333 
0.322946 0.338656 0.338398 
0.328820 0.335399 0.335781 
0.324790 0.337186 0.338025 
0.328420 0.335459 0.336121 
0.324747 0.338127 0.337126 
0.325409 0.337949 0.336642 
0.325745 0.336335 0.337920 
0.327565 0.335542 0.336893 
0.328635 0.335381 0.335984 
0.327234 0.336732 0.336034 
0.325976 0.337394 0.336629 
0.326051 0.337035 0.336914 
0.324881 0.338352 0.336767 
0.327256 0.336675 0.336069 
0.327576 0.335722 0.336701 
0.327516 0.335960 0.336524 
0.325970 0.337309 0.336721 
0.323553 0.337622 0.338825 
0.326043 0.337479 0.336478 
0.321827 0.338762 0.339411 
0.324427 0.338356 0.337218 
0.323551 0.337689 0.338760 
0.331308 0.334492 0.334199 
0.323675 0.337920 0.338405 
0.325441 0.337718 0.336840 
0.327494 0.335736 0.336771 
0.330413 0.334854 0.334733 
0.325680 0.336881 0.337439 
0.325056 0.337080 0.337864 
0.324603 0.337412 0.337986 
0.324276 0.338442 0.337282 
0.323547 0.338708 0.337744 
0.327380 0.335725 0.336895 
0.330302 0.335081 0.334617 
0.325923 0.336505 0.337573 
0.328648 0.336007 0.335345 
0.324471 0.337224 0.338305 
0.328906 0.335330 0.335764 
0.324501 0.338178 0.337321 
0.323028 0.338468 0.338504 
0.327761 0.336084 0.336156 
0.322778 0.338321 0.338901 
0.324484 0.337535 0.337981 
0.321652 0.339130 0.339218 
0.325680 0.337546 0.336775 
0.327153 0.336618 0.336229 
0.327622 0.335860 0.336518 
0.327715 0.335898 0.336387 
0.324962 0.337741 0.337297 
0.323463 0.338285 0.338252 
0.324179 0.337494 0.338328 
0.329937 0.335310 0.334753 
0.327380 0.336755 0.335865 
0.330201 0.334918 0.334881 
0.325740 0.337072 0.337189 
0.327515 0.336383 0.336102 
0.322976 0.338756 0.338269 
0.324566 0.338255 0.337179 
0.325601 0.337330 0.337069 
0.323514 0.338110 0.338376 
0.328234 0.336013 0.335753 
0.326453 0.336257 0.337290 
0.329776 0.335188 0.335036 
0.327947 0.336239 0.335814 
0.327770 0.336503 0.335727 
0.322188 0.338646 0.339166 
0.324601 0.338263 0.337136 
0.328266 0.335353 0.336381 
0.330001 0.335020 0.334979 
0.325646 0.337541 0.336814 
